2 4440
3 3588
4 2980
5 2390
6 1954
7 1613
8 1424
9 1292
10 1151
11 1057
12 976
13 919
14 878
15 848
16 816
17 781
18 747
19 718
20 692
21 665
22 635
23 609
24 582
25 553
26 524
27 502
28 488
29 475
30 463
31 448
32 431
33 410
34 399
35 389
36 377
37 365
38 353
39 348
40 340
41 331
42 316
43 310
44 306
45 299
46 293
47 287
48 279
49 274
50 265
51 261
52 258
53 253
54 248
55 243
56 238
57 234
58 227
59 223
60 218
61 217
62 215
63 214
64 209
65 207
66 203
67 200
68 197
69 193
70 187
71 181
72 175
73 171
74 168
75 163
76 160
77 155
78 152
79 151
80 146
81 144
82 138
83 134
84 127
85 123
86 118
87 115
88 112
89 108
90 101
91 96
92 91
93 84
94 79
95 77
96 74
97 69
98 64
99 58
100 52
101 49
102 46
103 42
104 38
105 31
106 26
107 23
108 22
109 21
110 19
111 18
112 17
113 16
114 14
115 11
116      10
117       9
118       8
119       7
120       6
121       5
122       4
123       3
124       2
125       1
126       0
127       0
128       0

